000000000000000000000000000000
011000000000000000000000000110
011000000000000000000000000110
000000000000000000011000000000
000000000000000000100100000000
000000000000000000011000000000
000000000000001110000000000000
000000000000011001000000000000
000000000000011011000000000000
000000000001010010100000000000
000000000000000000000000000000
000000000001010010100000000000
000000000000110110000000000000
000000000000100110000000000000
000000000000011100000000000000
000000000110000000000000000000
000000001001000000000000000000
000000000110000000000000000000
011000000000000000000000000110
011000000000000000000000000110
000000000000000000000000000000
